tools/2023039/COD0OPSFIN_20230390000_01D_01H_GIM.INX
     1.0            IONOSPHERE MAPS     GNSS                IONEX VERSION / TYPE
ADDNEQ2 V5.5        AIUB                12-FEB-23 21:31     PGM / RUN BY / DATE 
CODE'S GLOBAL IONOSPHERE MAPS FOR DAY 039, 2023             COMMENT             
Global ionosphere maps (GIM) are generated on a daily basis DESCRIPTION         
at CODE using data from about 300 GNSS sites of the IGS and DESCRIPTION         
other institutions. The vertical total electron content     DESCRIPTION         
(VTEC) is modeled in a solar-geomagnetic reference frame    DESCRIPTION         
using a spherical harmonics expansion up to degree and      DESCRIPTION         
order 15. Piece-wise linear functions are used for          DESCRIPTION         
representation in the time domain. The time spacing of      DESCRIPTION         
their vertices is 1 hour, conforming with the epochs of the DESCRIPTION         
VTEC maps.                                                  DESCRIPTION         
To convert line-of-sight TEC into vertical TEC, a modified  DESCRIPTION         
single-layer model mapping function approximating the JPL   DESCRIPTION         
extended slab model mapping function is adopted. The        DESCRIPTION         
mapping function is evaluated at geodetic satellite         DESCRIPTION         
elevation angles. For the computation of the ionospheric    DESCRIPTION         
pierce points, a spherical layer with a radius of 6821 km   DESCRIPTION         
is assumed, implying geocentric, not geodetic IONEX         DESCRIPTION         
latitudes.                                                  DESCRIPTION         
Instrumental biases with respect to each involved GNSS code DESCRIPTION         
observable are estimated as constant values for each        DESCRIPTION         
day. They are modeled with one set of bias parameters for   DESCRIPTION         
each satellite and each station in case of GPS and for each DESCRIPTION         
satellite-station link in case of GLONASS. The code bias    DESCRIPTION         
datum is defined by zero-mean conditions imposed on the     DESCRIPTION         
satellite bias estimates. In this file, just GPS C1W-C2W    DESCRIPTION         
satellite and station bias values are included. The         DESCRIPTION         
complete set of GNSS code bias results is provided in an    DESCRIPTION         
additional Bias-SINEX file as pseudo-absolute values        DESCRIPTION         
specific to each observable.                                DESCRIPTION         
Note: These GIM results correspond to the results for the   DESCRIPTION         
middle day of a 3-day combination analysis solving for 73   DESCRIPTION         
times 256, or 18688 VTEC parameters and 3 daily sets of     DESCRIPTION         
GNSS code bias parameters.                                  DESCRIPTION         
Contact address: code(at)aiub.unibe.ch                      DESCRIPTION         
Data archive:    ftp.aiub.unibe.ch/CODE/                    DESCRIPTION         
                 www.aiub.unibe.ch/download/CODE/           DESCRIPTION         
  2023     2     8     0     0     0                        EPOCH OF FIRST MAP  
  2023     2     9     0     0     0                        EPOCH OF LAST MAP   
  3600                                                      INTERVAL            
[...]
brft brst brux bshm cags cas1 ccj2 cedu chpg chpi chti chur COMMENT             
ckis coco cord cpvg cpxf crar cro1 daej darw dav1 dgar dhlg COMMENT             
drao dubo ebre faa1 fair flrs frdn ftna func ganp glps glsv COMMENT             
gode godz gol2 gold gope gras graz guam guug harb hers hert COMMENT             
hlfx hob2 hofn holb hrao hyde iddr ieng iisc ineg invk iqal COMMENT             
irkj isba jog2 joz2 joze karr kerg kir0 kiri kiru kit3 kokb COMMENT             
kokv koug kour krgg laut lmmf lpal lpgs m0se mac1 madr mal2 COMMENT             
mana mas1 mat1 mate maw1 mcm4 mdo1 mdvj medi mets mgue mizu COMMENT             
mkea mnls mobs monp morp mqzg mro1 mtka nano nico nist nium COMMENT             
nklg nlib nnor not1 nrc1 nrmd ntus nya1 nyal ohi2 onsa opmt COMMENT             
ous2 pado parc park pdel penc pert pie1 pimo pohn pol2 polv COMMENT             
pots pove prds ptag ptbb ptvl qaq1 quin ramo reun reyk rgdg COMMENT             
rio2 riop salu sant savo sch2 scor scrz sctb scub seyg smst COMMENT             
sofi spt0 ssia sthl stjo stk2 str2 suth sutm suwn sydn syog COMMENT             
tabl tabv tash thtg thti thu2 tid1 tidb tlse tn22 tong tow2 COMMENT             
tro1 tsea tskb twtf txes uclu ufpr ulab unb3 unbj unsa urum COMMENT             
usn7 usud vald vill voim vtsp wab2 wark wes2 wgtn whit will COMMENT             
wsrt wtza wtzl wtzr wtzs wtzz wuhn xmis yar2 yar3 yarr yell COMMENT             
ykro zamb zeck zim2 zim3 zimm                               COMMENT             
                                                            END OF HEADER       
[from data line 10296]
    25                                                      START OF TEC MAP    
  2023     2     9     0     0     0                        EPOCH OF CURRENT MAP
    87.5-180.0 180.0   5.0 450.0                            LAT/LON1/LON2/DLON/H
  152  154  156  159  161  162  164  165  166  167  168  168  168  168  167  166
  165  164  162  160  158  155  153  150  148  145  142  139  137  134  131  129
  127  125  123  121  119  118  117  116  115  115  114  114  114  114  115  115
  116  116  117  118  118  119  120  121  122  123  125  126  127  129  131  132
  134  136  138  140  143  145  147  150  152
    85.0-180.0 180.0   5.0 450.0                            LAT/LON1/LON2/DLON/H
  167  173  178  183  188  193  197  201  204  206  208  209  209  208  207  205
  202  199  195  190  186  180  175  169  163  157  151  145  139  134  128  123
  119  115  111  108  106  104  102  101  101  101  101  101  102  103  105  106
  108  109  110  112  113  114  115  116  117  118  119  120  121  123  125  127
  130  133  137  141  146  151  156  161  167
    82.5-180.0 180.0   5.0 450.0                            LAT/LON1/LON2/DLON/H
  183  192  201  210  219  227  234  240  244  248  250  251  251  249  247  243
  239  234  228  221  215  207  199  191  183  174  165  156  147  139  131  124
  117  111  106  102   99   97   95   94   94   95   95   97   99  101  103  106
  108  111  113  115  116  117  117  117  117  116  115  115  115  116  117  120
  123  128  133  140  147  156  164  173  183
    80.0-180.0 180.0   5.0 450.0                            LAT/LON1/LON2/DLON/H
  202  215  228  240  251  261  270  278  283  287  289  289  287  283  278  272
  266  259  252  245  238  230  222  213  204  194  184  173  162  151  141  131
  123  116  110  106  102  100   98   97   97   98   98  100  102  104  107  110
  113  116  119  121  123  123  122  121  118  115  112  110  108  108  109  112
  117  123  132  141  152  164  177  189  202
    77.5-180.0 180.0   5.0 450.0                            LAT/LON1/LON2/DLON/H
  228  242  256  270  282  294  303  311  316  319  318  315  309  302  293  284
  275  267  261  255  250  245  239  233  225  216  205  193  181  168  156  145
  136  128  123  118  115  113  112  111  110  109  108  108  108  109  111  114
  117  121  124  127  129  129  127  124  119  113  108  103  100   99  100  105
  113  123  136  150  165  181  197  212  228
    75.0-180.0 180.0   5.0 450.0                            LAT/LON1/LON2/DLON/H
  258  272  285  298  310  320  330  336  340  340  336  327  316  302  288  274
  263  254  249  246  246  247  247  246  242  235  226  213  200  186  172  160
  151  143  138  136  134  133  132  130  128  125  122  118  115  113  113  114
  117  121  125  128  130  130  128  123  116  108  100   94   90   90   94  102
  114  130  149  168  188  207  225  242  258
    72.5-180.0 180.0   5.0 450.0                            LAT/LON1/LON2/DLON/H
  288  300  310  320  329  339  346  352  354  351  342  327  308  287  265  246
  231  221  218  221  227  236  244  250  251  248  240  228  213  197  182  170
  160  154  151  151  151  152  152  151  147  142  135  128  121  115  111  110
  111  114  119  123  126  126  124  118  110  100   91   84   80   82   90  104
  122  145  170  195  219  241  259  275  288
    70.0-180.0 180.0   5.0 450.0                            LAT/LON1/LON2/DLON/H
  313  320  326  332  339  347  354  359  359  354  341  320  293  263  233  207
  188  178  177  184  198  214  231  243  250  249  242  229  213  196  181  168
  160  155  155  157  160  163  165  164  160  153  144  133  122  112  105  101
  101  103  107  112  116  117  114  108   99   89   80   74   72   78   91  111
  137  166  197  227  253  275  292  304  313
    67.5-180.0 180.0   5.0 450.0                            LAT/LON1/LON2/DLON/H
  328  330  332  335  340  346  353  359  360  354  338  313  279  241  204  171
  147  135  136  146  165  187  208  225  234  236  229  216  199  181  166  154
  147  145  147  151  156  161  164  164  161  154  144  132  118  106   96   90
   87   89   92   97  101  102  100   95   87   78   70   66   69   79   98  124
  156  191  225  256  282  302  316  324  328
    65.0-180.0 180.0   5.0 450.0                            LAT/LON1/LON2/DLON/H
  331  330  330  331  335  342  350  357  361  356  340  312  275  232  188  150
  123  108  107  117  136  158  179  196  206  207  201  188  172  155  141  132
  127  126  129  134  139  144  148  149  148  143  134  122  109   96   86   78
   74   74   76   80   83   85   83   80   74   68   64   64   71   87  111  142
  178  215  249  279  301  317  326  330  331
    62.5-180.0 180.0   5.0 450.0                            LAT/LON1/LON2/DLON/H
  326  326  326  328  332  339  349  358  365  363  350  324  286  241  195  154
  124  106  100  105  117  133  148  161  168  168  162  151  137  124  114  108
  106  106  108  111  114  117  120  122  122  120  115  107   97   85   75   67
   63   61   61   63   65   66   66   64   62   60   61   67   80  101  129  164
  201  236  267  291  308  318  323  325  326
    60.0-180.0 180.0   5.0 450.0                            LAT/LON1/LON2/DLON/H
  320  325  329  334  339  346  355  366  375  377  368  346  312  270  225  185
  153  131  119  113  113  115  120  124  126  125  121  114  106   99   94   92
   92   93   93   91   89   87   87   89   91   93   92   89   82   75   67   60
   55   52   51   50   50   50   50   51   53   57   64   76   95  120  152  187
  223  254  279  296  305  310  313  316  320
    57.5-180.0 180.0   5.0 450.0                            LAT/LON1/LON2/DLON/H
  324  337  348  356  361  366  372  381  390  396  393  378  350  314  275  238
  207  180  158  139  121  107   96   91   89   89   88   87   86   86   87   90
   92   91   87   80   72   64   60   60   63   68   71   72   70   66   62   57
   53   49   46   43   40   39   40   43   49   59   72   90  113  142  176  211
  243  269  287  297  300  302  305  313  324
    55.0-180.0 180.0   5.0 450.0                            LAT/LON1/LON2/DLON/H
  345  367  386  397  400  398  398  402  409  417  420  412  394  366  335  304
  273  243  210  175  139  107   82   68   64   66   72   78   84   89   95  100
  103  101   94   82   67   54   46   44   47   53   59   62   64   63   61   59
   56   53   49   44   39   37   38   44   53   67   84  106  133  165  198  232
  261  283  295  300  301  302  309  324  345
    52.5-180.0 180.0   5.0 450.0                            LAT/LON1/LON2/DLON/H
  385  416  440  451  450  440  430  426  430  438  445  444  435  417  394  369
  340  306  264  215  162  115   80   61   58   65   76   88   97  105  112  118
  120  117  107   93   75   60   49   45   46   52   58   62   64   65   66   66
   66   64   60   54   49   46   47   54   65   81  101  125  153  184  217  249
  276  295  306  310  312  318  332  355  385
    50.0-180.0 180.0   5.0 450.0                            LAT/LON1/LON2/DLON/H
  439  475  501  510  503  484  464  451  449  455  465  470  469  459  444  423
  395  358  309  250  188  132   92   72   72   84   99  112  121  126  130  133
  133  129  120  107   91   77   67   62   62   65   69   72   74   74   76   78
   80   80   78   73   68   66   67   74   85  100  120  143  169  199  230  260
  287  307  321  329  338  350  372  402  439
    47.5-180.0 180.0   5.0 450.0                            LAT/LON1/LON2/DLON/H
  496  531  555  561  548  523  495  474  467  471  481  490  494  490  479  461
  433  394  341  279  213  156  117  101  104  117  132  141  143  142  139  136
  134  130  124  116  109  101   94   89   88   89   90   90   90   89   90   94
   98  100  100   98   95   93   95  101  110  124  140  160  182  208  237  266
  293  317  337  354  372  394  423  458  496
    45.0-180.0 180.0   5.0 450.0                            LAT/LON1/LON2/DLON/H
  542  572  590  593  578  551  521  497  486  487  496  506  512  511  501  483
  454  413  361  301  241  189  155  141  145  156  164  164  156  144  133  125
  120  117  116  118  121  122  121  118  116  114  114  112  109  107  107  111
  116  121  123  123  123  123  126  130  138  148  160  175  193  215  239  267
  295  323  351  380  410  441  474  508  542
    42.5-180.0 180.0   5.0 450.0                            LAT/LON1/LON2/DLON/H
  569  589  601  602  592  571  546  524  510  508  513  522  528  527  516  495
  463  422  375  323  272  229  199  186  185  188  185  173  154  134  118  106
  100   98  102  113  126  137  142  141  137  135  134  132  128  125  124  127
  133  138  142  144  147  150  152  156  162  169  179  190  203  219  240  265
  293  325  361  401  442  481  515  545  569
    40.0-180.0 180.0   5.0 450.0                            LAT/LON1/LON2/DLON/H
  575  583  589  595  595  589  576  560  546  538  538  542  545  542  528  503
  469  430  388  347  307  272  245  226  215  204  189  167  142  120  105   95
   88   86   93  108  128  145  152  151  147  145  146  146  144  140  138  139
  143  148  152  156  161  165  169  173  178  186  195  204  213  225  242  263
  291  325  367  414  464  508  541  563  575
    37.5-180.0 180.0   5.0 450.0                            LAT/LON1/LON2/DLON/H
  567  565  570  584  602  616  620  612  597  582  572  569  567  561  544  515
  479  441  406  375  345  314  283  254  229  204  179  153  131  118  112  109
  105  101  103  115  134  150  155  151  145  145  150  154  154  150  146  145
  146  148  151  155  161  166  171  176  184  195  207  217  226  235  248  266
  292  325  369  421  476  523  554  567  567
    35.0-180.0 180.0   5.0 450.0                            LAT/LON1/LON2/DLON/H
  562  555  563  589  628  665  686  686  667  640  617  602  594  583  563  531
  494  458  430  406  381  349  309  267  227  194  167  147  139  144  157  167
  165  154  144  143  151  158  156  146  138  139  148  157  159  154  148  144
  142  141  141  144  148  154  159  166  179  197  216  231  241  249  260  276
  299  330  373  427  484  533  562  569  562
    32.5-180.0 180.0   5.0 450.0                            LAT/LON1/LON2/DLON/H
  577  572  587  628  686  744  779  782  754  711  670  642  624  608  584  550
  513  479  454  433  407  369  319  266  221  187  169  165  181  212  249  273
  272  250  220  197  186  177  162  144  133  136  148  160  161  154  145  138
  133  129  125  125  127  131  136  146  165  194  223  246  259  268  278  294
  315  344  384  437  496  547  578  585  577
    30.0-180.0 180.0   5.0 450.0                            LAT/LON1/LON2/DLON/H
  624  628  653  708  782  854  896  895  853  791  731  687  657  633  604  568
  531  498  473  450  418  373  316  262  222  202  202  223  264  322  380  417
  415  377  322  273  237  209  181  155  140  143  157  166  164  152  138  129
  123  116  110  105  104  105  109  122  150  190  231  262  280  291  302  319
  341  369  407  459  520  575  612  625  624
    27.5-180.0 180.0   5.0 450.0                            LAT/LON1/LON2/DLON/H
  707  723  760  825  908  985 1027 1016  959  877  798  737  694  658  622  582
  543  510  481  451  412  362  309  266  246  252  278  322  384  460  533  575
  568  512  432  356  297  252  213  182  165  168  178  181  170  151  133  123
  117  109  100   92   87   83   86  102  137  189  241  280  302  316  331  351
  376  405  443  495  558  619  666  693  707
    25.0-180.0 180.0   5.0 450.0                            LAT/LON1/LON2/DLON/H
  813  845  892  962 1045 1119 1154 1133 1061  964  871  795  737  687  639  592
  550  512  477  438  393  346  307  292  306  344  396  455  524  602  674  713
  697  626  527  430  355  300  257  224  208  208  212  205  182  153  132  122
  118  111  101   89   79   72   73   91  133  194  255  300  325  341  361  387
  417  449  488  542  608  678  737  781  813
    22.5-180.0 180.0   5.0 450.0                            LAT/LON1/LON2/DLON/H
  921  968 1021 1089 1167 1234 1260 1230 1151 1047  947  863  791  725  662  605
  555  511  466  418  371  335  324  347  402  473  541  599  655  715  771  798
  772  693  584  479  399  344  304  277  263  260  254  233  198  160  136  128
  127  123  112   98   84   74   73   92  139  206  273  321  348  367  392  424
  460  496  537  593  663  739  811  872  921
    20.0-180.0 180.0   5.0 450.0                            LAT/LON1/LON2/DLON/H
 1006 1061 1115 1177 1246 1304 1326 1296 1220 1122 1027  941  860  778  698  628
  569  515  460  405  360  344  368  434  527  620  688  726  748  772  799  808
  776  696  592  494  422  376  347  329  319  312  296  261  214  170  145  140
  143  141  130  114   98   86   85  106  155  225  293  342  371  393  423  461
  501  540  584  640  711  791  870  943 1006
    17.5-180.0 180.0   5.0 450.0                            LAT/LON1/LON2/DLON/H
 1044 1100 1149 1201 1260 1314 1339 1320 1261 1183 1104 1026  942  848  753  670
  601  538  473  413  375  381  440  543  661  757  805  805  780  758  751  742
  709  642  556  477  422  392  378  371  365  354  327  282  226  180  157  156
  162  161  150  133  116  104  104  127  178  247  313  361  392  419  455  497
  539  578  621  675  744  821  901  977 1044
    15.0-180.0 180.0   5.0 450.0                            LAT/LON1/LON2/DLON/H
 1027 1074 1111 1150 1201 1257 1296 1299 1269 1222 1170 1110 1031  932  828  736
  659  587  515  452  423  449  534  656  777  856  867  819  743  678  641  622
  596  550  492  440  407  395  394  395  391  376  342  289  232  188  169  171
  178  177  165  148  132  122  125  150  201  268  331  377  411  444  485  531
  572  607  646  695  757  825  896  966 1027
    12.5-180.0 180.0   5.0 450.0                            LAT/LON1/LON2/DLON/H
  959  989 1007 1031 1077 1140 1201 1236 1244 1234 1215 1179 1113 1019  916  821
  740  664  588  526  504  542  635  753  852  892  858  764  650  556  504  484
  474  455  428  403  390  389  395  399  394  374  335  282  229  191  178  181
  187  184  171  155  141  135  142  171  222  284  343  388  426  467  514  561
  598  628  660  701  752  806  861  914  959
    10.0-180.0 180.0   5.0 450.0                            LAT/LON1/LON2/DLON/H
  863  869  864  871  911  985 1070 1139 1185 1213 1227 1218 1173 1094 1001  913
  835  760  685  626  608  644  723  812  866  857  780  656  527  429  381  372
  382  391  390  385  381  381  384  385  376  351  311  262  218  190  181  184
  187  181  167  152  141  140  154  186  237  295  348  393  436  486  539  586
  619  642  667  699  736  774  810  841  863
     7.5-180.0 180.0   5.0 450.0                            LAT/LON1/LON2/DLON/H
  768  747  716  704  736  817  923 1022 1099 1158 1200 1216 1195 1140 1067  994
  927  858  789  735  715  737  782  819  817  758  652  526  412  338  312  323
  351  379  394  396  388  377  368  359  343  315  276  235  203  185  181  181
  179  169  155  142  135  139  159  195  245  298  348  393  441  498  557  604
  633  651  670  695  721  744  761  771  768
     5.0-180.0 180.0   5.0 450.0                            LAT/LON1/LON2/DLON/H
  703  658  602  569  589  668  784  900  997 1074 1133 1168 1171 1143 1097 1047
  995  939  880  832  806  801  798  774  714  619  510  410  342  314  321  352
  392  425  441  434  410  379  351  328  304  274  240  209  188  180  178  174
  166  154  141  131  127  136  160  199  248  298  343  388  440  503  564  611
  639  655  671  693  715  728  733  727  703
     2.5-180.0 180.0   5.0 450.0                            LAT/LON1/LON2/DLON/H
  689  627  551  496  497  564  674  792  893  973 1036 1081 1103 1102 1084 1059
 1025  984  938  897  863  826  770  687  582  474  389  344  341  368  409  452
  489  512  513  486  437  382  334  298  270  240  211  190  179  177  174  166
  154  140  129  122  122  134  161  202  249  295  337  381  434  497  559  605
  633  652  672  696  718  732  735  723  689
