tools/2023039/COD0OPSFIN_20230390000_01D_01H_GIM.INX
     1.0            IONOSPHERE MAPS     GNSS                IONEX VERSION / TYPE
ADDNEQ2 V5.5        AIUB                12-FEB-23 21:31     PGM / RUN BY / DATE 
CODE'S GLOBAL IONOSPHERE MAPS FOR DAY 039, 2023             COMMENT             
Global ionosphere maps (GIM) are generated on a daily basis DESCRIPTION         
at CODE using data from about 300 GNSS sites of the IGS and DESCRIPTION         
other institutions. The vertical total electron content     DESCRIPTION         
(VTEC) is modeled in a solar-geomagnetic reference frame    DESCRIPTION         
using a spherical harmonics expansion up to degree and      DESCRIPTION         
order 15. Piece-wise linear functions are used for          DESCRIPTION         
representation in the time domain. The time spacing of      DESCRIPTION         
their vertices is 1 hour, conforming with the epochs of the DESCRIPTION         
VTEC maps.                                                  DESCRIPTION         
To convert line-of-sight TEC into vertical TEC, a modified  DESCRIPTION         
single-layer model mapping function approximating the JPL   DESCRIPTION         
extended slab model mapping function is adopted. The        DESCRIPTION         
mapping function is evaluated at geodetic satellite         DESCRIPTION         
elevation angles. For the computation of the ionospheric    DESCRIPTION         
pierce points, a spherical layer with a radius of 6821 km   DESCRIPTION         
is assumed, implying geocentric, not geodetic IONEX         DESCRIPTION         
latitudes.                                                  DESCRIPTION         
Instrumental biases with respect to each involved GNSS code DESCRIPTION         
observable are estimated as constant values for each        DESCRIPTION         
day. They are modeled with one set of bias parameters for   DESCRIPTION         
each satellite and each station in case of GPS and for each DESCRIPTION         
satellite-station link in case of GLONASS. The code bias    DESCRIPTION         
datum is defined by zero-mean conditions imposed on the     DESCRIPTION         
satellite bias estimates. In this file, just GPS C1W-C2W    DESCRIPTION         
satellite and station bias values are included. The         DESCRIPTION         
complete set of GNSS code bias results is provided in an    DESCRIPTION         
additional Bias-SINEX file as pseudo-absolute values        DESCRIPTION         
specific to each observable.                                DESCRIPTION         
Note: These GIM results correspond to the results for the   DESCRIPTION         
middle day of a 3-day combination analysis solving for 73   DESCRIPTION         
times 256, or 18688 VTEC parameters and 3 daily sets of     DESCRIPTION         
GNSS code bias parameters.                                  DESCRIPTION         
Contact address: code(at)aiub.unibe.ch                      DESCRIPTION         
Data archive:    ftp.aiub.unibe.ch/CODE/                    DESCRIPTION         
                 www.aiub.unibe.ch/download/CODE/           DESCRIPTION         
  2023     2     8     0     0     0                        EPOCH OF FIRST MAP  
  2023     2     9     0     0     0                        EPOCH OF LAST MAP   
  3600                                                      INTERVAL            
[...]
brft brst brux bshm cags cas1 ccj2 cedu chpg chpi chti chur COMMENT             
ckis coco cord cpvg cpxf crar cro1 daej darw dav1 dgar dhlg COMMENT             
drao dubo ebre faa1 fair flrs frdn ftna func ganp glps glsv COMMENT             
gode godz gol2 gold gope gras graz guam guug harb hers hert COMMENT             
hlfx hob2 hofn holb hrao hyde iddr ieng iisc ineg invk iqal COMMENT             
irkj isba jog2 joz2 joze karr kerg kir0 kiri kiru kit3 kokb COMMENT             
kokv koug kour krgg laut lmmf lpal lpgs m0se mac1 madr mal2 COMMENT             
mana mas1 mat1 mate maw1 mcm4 mdo1 mdvj medi mets mgue mizu COMMENT             
mkea mnls mobs monp morp mqzg mro1 mtka nano nico nist nium COMMENT             
nklg nlib nnor not1 nrc1 nrmd ntus nya1 nyal ohi2 onsa opmt COMMENT             
ous2 pado parc park pdel penc pert pie1 pimo pohn pol2 polv COMMENT             
pots pove prds ptag ptbb ptvl qaq1 quin ramo reun reyk rgdg COMMENT             
rio2 riop salu sant savo sch2 scor scrz sctb scub seyg smst COMMENT             
sofi spt0 ssia sthl stjo stk2 str2 suth sutm suwn sydn syog COMMENT             
tabl tabv tash thtg thti thu2 tid1 tidb tlse tn22 tong tow2 COMMENT             
tro1 tsea tskb twtf txes uclu ufpr ulab unb3 unbj unsa urum COMMENT             
usn7 usud vald vill voim vtsp wab2 wark wes2 wgtn whit will COMMENT             
wsrt wtza wtzl wtzr wtzs wtzz wuhn xmis yar2 yar3 yarr yell COMMENT             
ykro zamb zeck zim2 zim3 zimm                               COMMENT             
                                                            END OF HEADER       
[from data line 3003]
     8                                                      START OF TEC MAP    
  2023     2     8     7     0     0                        EPOCH OF CURRENT MAP
    87.5-180.0 180.0   5.0 450.0                            LAT/LON1/LON2/DLON/H
   58   58   59   60   61   63   64   66   68   70   71   73   75   77   78   80
   81   82   83   83   84   84   83   83   82   81   80   79   78   77   75   74
   73   71   70   69   68   67   66   65   64   64   63   63   63   63   63   63
   63   63   63   63   63   63   63   63   63   63   63   62   62   61   61   60
   59   59   58   58   57   57   57   57   58
    85.0-180.0 180.0   5.0 450.0                            LAT/LON1/LON2/DLON/H
   53   53   54   55   57   60   64   68   73   78   83   88   93   98  102  106
  109  111  113  113  113  112  111  109  106  103  100   97   93   89   86   83
   79   77   74   72   70   68   67   66   66   66   66   67   68   70   71   73
   76   78   80   82   85   86   88   89   89   90   89   88   86   84   81   78
   75   72   68   65   61   58   56   54   53
    82.5-180.0 180.0   5.0 450.0                            LAT/LON1/LON2/DLON/H
   54   51   50   51   53   57   63   69   77   86   95  104  112  120  127  133
  138  141  142  142  141  138  134  130  124  118  112  106  100   95   89   85
   81   77   74   72   70   69   69   69   70   72   74   77   80   85   90   95
  101  108  114  120  126  131  136  140  142  143  143  142  139  134  129  122
  114  106   97   88   80   72   65   59   54
    80.0-180.0 180.0   5.0 450.0                            LAT/LON1/LON2/DLON/H
   63   56   51   49   50   54   61   69   79   91  103  115  126  137  146  154
  159  162  163  162  158  153  146  139  130  121  113  104   97   90   85   80
   77   74   73   72   72   72   74   76   78   82   87   92   99  107  116  126
  137  148  160  171  182  192  201  208  213  216  217  216  212  205  196  185
  173  159  144  128  113   98   85   73   63
    77.5-180.0 180.0   5.0 450.0                            LAT/LON1/LON2/DLON/H
   80   67   58   53   52   54   60   68   79   92  105  119  132  144  154  162
  167  170  170  167  162  154  145  135  124  113  102   93   85   79   75   72
   71   71   72   74   76   79   82   86   91   96  103  112  122  133  147  161
  177  194  211  227  243  258  271  282  290  295  297  296  291  283  271  257
  239  220  199  177  155  134  114   95   80
    75.0-180.0 180.0   5.0 450.0                            LAT/LON1/LON2/DLON/H
  102   84   71   62   57   57   61   68   78   90  103  116  128  139  149  156
  161  164  163  159  153  144  134  122  110   98   87   79   72   67   65   65
   67   70   74   78   83   88   93   99  105  112  121  131  144  160  177  196
  217  238  260  281  300  318  334  347  357  363  366  365  359  350  337  320
  299  277  251  225  198  171  146  122  102
    72.5-180.0 180.0   5.0 450.0                            LAT/LON1/LON2/DLON/H
  124  103   87   75   67   64   65   70   77   87   97  107  117  126  134  140
  144  146  146  143  137  129  119  107   96   85   75   68   63   60   60   63
   67   73   79   86   92   98  104  110  117  125  136  148  164  182  203  226
  251  276  300  324  345  364  380  393  402  408  410  409  403  393  379  361
  339  315  288  260  231  202  174  148  124
    70.0-180.0 180.0   5.0 450.0                            LAT/LON1/LON2/DLON/H
  141  119  101   87   77   71   70   72   77   83   90   96  102  108  113  117
  120  123  124  123  120  114  107   97   88   79   71   65   62   61   63   66
   72   79   86   93  100  106  112  118  125  134  145  159  177  198  222  248
  276  303  328  352  372  389  403  413  420  424  424  421  414  404  390  373
  352  328  302  275  247  219  191  165  141
    67.5-180.0 180.0   5.0 450.0                            LAT/LON1/LON2/DLON/H
  147  127  109   94   83   76   73   74   77   80   84   87   88   90   91   94
   97  101  105  107  108  105  101   95   88   81   75   71   68   68   70   74
   79   85   91   98  104  110  115  121  128  136  148  163  183  206  233  262
  291  318  343  365  382  395  404  409  412  412  410  405  398  388  375  358
  339  317  294  269  244  218  194  170  147
    65.0-180.0 180.0   5.0 450.0                            LAT/LON1/LON2/DLON/H
  144  125  109   94   83   76   73   73   75   78   80   80   78   76   75   76
   79   85   91   97  101  102  101   98   93   88   84   81   79   79   80   81
   84   88   93   98  103  108  113  118  125  133  145  162  183  208  237  267
  297  324  347  365  378  386  389  389  386  383  378  372  365  355  343  328
  311  291  269  248  226  204  183  163  144
    62.5-180.0 180.0   5.0 450.0                            LAT/LON1/LON2/DLON/H
  133  117  102   88   77   70   67   68   72   75   77   77   73   69   66   66
   69   76   85   93   99  103  104  102   99   96   93   91   89   87   86   85
   85   86   88   92   97  102  107  113  120  128  141  158  180  207  236  267
  296  322  343  358  367  370  368  363  357  350  344  338  332  323  312  298
  281  263  243  222  203  184  166  149  133
    60.0-180.0 180.0   5.0 450.0                            LAT/LON1/LON2/DLON/H
  121  107   93   80   68   60   58   60   65   72   76   76   73   68   64   63
   67   74   83   92   99  103  104  103  101   99   97   94   92   89   85   82
   80   78   79   83   88   95  102  110  117  126  139  156  178  205  235  265
  294  319  338  350  356  356  351  343  335  328  322  317  312  305  295  282
  265  246  226  205  186  168  151  135  121
    57.5-180.0 180.0   5.0 450.0                            LAT/LON1/LON2/DLON/H
  115  102   88   75   62   52   48   50   57   66   74   77   75   70   66   65
   68   75   84   91   96   98   98   97   95   94   92   90   87   83   78   74
   70   68   69   74   82   92  103  113  122  132  144  160  181  207  236  266
  293  317  335  347  351  350  345  336  328  322  318  316  313  308  299  286
  268  248  227  205  183  163  145  129  115
    55.0-180.0 180.0   5.0 450.0                            LAT/LON1/LON2/DLON/H
  119  106   94   80   65   52   44   44   51   61   71   77   77   74   70   69
   72   77   83   87   89   88   86   84   83   82   80   78   75   72   67   63
   59   58   61   69   81   96  112  126  138  148  159  173  192  216  243  272
  298  321  339  351  357  357  352  345  339  334  333  333  333  330  322  308
  290  268  245  221  196  173  151  134  119
    52.5-180.0 180.0   5.0 450.0                            LAT/LON1/LON2/DLON/H
  134  122  111   98   81   63   50   45   49   58   69   77   79   77   74   73
   74   78   80   81   79   75   71   69   68   68   67   65   62   59   56   54
   52   53   59   71   88  109  131  150  165  176  185  197  213  234  259  285
  311  333  352  365  372  374  371  366  360  357  357  359  361  359  351  337
  318  297  273  248  221  194  169  149  134
    50.0-180.0 180.0   5.0 450.0                            LAT/LON1/LON2/DLON/H
  154  146  138  127  110   88   69   56   54   60   69   77   80   79   76   75
   76   77   77   74   69   63   59   58   58   58   57   55   52   50   49   49
   51   55   64   79  102  130  158  183  201  213  221  231  244  262  284  308
  332  353  372  386  395  398  397  391  385  381  380  382  383  381  373  359
  340  320  299  275  248  218  190  168  154
    47.5-180.0 180.0   5.0 450.0                            LAT/LON1/LON2/DLON/H
  172  168  167  161  146  123   97   77   67   67   72   78   81   81   79   78
   78   78   76   72   65   59   56   56   57   58   57   54   50   48   49   51
   56   63   74   93  121  155  190  220  242  255  263  270  281  296  316  338
  360  380  397  411  420  423  421  414  405  396  392  391  391  387  377  362
  345  327  310  290  265  236  207  184  172
    45.0-180.0 180.0   5.0 450.0                            LAT/LON1/LON2/DLON/H
  179  181  188  190  180  158  130  104   86   79   80   84   86   85   84   84
   84   84   82   78   72   68   66   67   70   70   67   61   55   53   54   59
   66   74   88  109  140  179  220  256  282  298  306  312  321  334  352  372
  392  410  424  436  443  445  441  430  416  401  391  385  381  375  363  346
  329  314  301  287  267  240  211  189  179
    42.5-180.0 180.0   5.0 450.0                            LAT/LON1/LON2/DLON/H
  171  177  192  202  200  183  156  128  106   94   91   92   94   94   94   95
   96   97   97   95   91   89   89   90   92   91   85   76   67   62   63   69
   76   86   99  122  156  199  246  287  318  336  345  351  359  371  388  407
  425  439  450  458  462  462  455  441  421  400  383  372  365  355  341  321
  302  288  279  270  255  230  202  179  171
    40.0-180.0 180.0   5.0 450.0                            LAT/LON1/LON2/DLON/H
  149  156  175  192  199  190  169  143  121  108  102  103  105  107  109  111
  114  117  120  121  121  120  119  119  118  114  105   92   80   73   73   78
   85   94  107  131  167  214  265  311  345  366  377  384  391  404  420  438
  454  466  472  475  477  475  467  452  430  405  383  368  359  348  331  307
  283  266  257  250  237  214  184  159  149
    37.5-180.0 180.0   5.0 450.0                            LAT/LON1/LON2/DLON/H
  123  124  140  160  173  173  162  144  127  115  111  113  118  123  128  132
  136  141  147  152  154  153  151  147  141  133  121  106   92   83   81   84
   90   98  111  135  173  224  278  327  363  386  398  407  416  429  446  464
  479  487  489  489  489  488  485  473  453  428  406  392  383  373  355  326
  295  269  254  244  229  204  170  139  123
    35.0-180.0 180.0   5.0 450.0                            LAT/LON1/LON2/DLON/H
  105   94  100  115  129  137  137  130  121  114  115  121  130  139  147  153
  158  165  173  181  184  182  175  165  154  143  130  114  100   90   87   88
   92   99  111  137  177  230  287  336  373  397  410  421  432  447  466  484
  498  504  503  501  502  508  513  512  500  483  466  456  452  446  428  395
  353  314  287  268  247  216  175  134  105
    32.5-180.0 180.0   5.0 450.0                            LAT/LON1/LON2/DLON/H
  109   80   69   71   82   94  102  106  106  108  113  124  139  152  163  170
  175  182  191  200  203  198  185  169  154  141  129  117  105   96   93   93
   95  100  112  139  182  237  294  342  378  400  415  427  441  459  480  500
  513  518  516  515  522  537  557  571  575  570  564  563  568  568  553  515
  462  409  365  333  301  260  208  154  109
    30.0-180.0 180.0   5.0 450.0                            LAT/LON1/LON2/DLON/H
  146   96   63   47   47   58   72   84   92   99  110  125  144  162  175  182
  185  189  196  204  206  198  181  160  142  131  123  116  110  105  102  101
  101  104  116  145  191  247  303  348  380  401  416  430  448  469  493  515
  529  533  532  534  549  578  615  649  672  683  690  701  715  724  713  673
  611  543  483  435  390  339  276  208  146
    27.5-180.0 180.0   5.0 450.0                            LAT/LON1/LON2/DLON/H
  216  147   93   57   43   46   60   75   88   98  111  129  150  170  183  188
  187  186  189  194  194  185  165  142  126  118  117  118  118  118  118  116
  113  113  126  156  204  261  315  355  383  401  417  434  456  481  508  532
  547  553  554  562  586  628  682  735  776  805  825  846  869  885  879  840
  773  695  622  561  506  444  372  294  216
    25.0-180.0 180.0   5.0 450.0                            LAT/LON1/LON2/DLON/H
  313  232  161  108   78   71   79   92  103  112  124  141  161  181  193  194
  187  178  174  174  173  163  144  124  112  111  117  125  133  138  140  138
  132  129  140  171  221  278  328  365  388  404  421  442  469  499  529  555
  572  579  583  597  630  683  749  815  871  912  942  969  996 1016 1014  980
  915  834  757  689  627  560  484  399  313
    22.5-180.0 180.0   5.0 450.0                            LAT/LON1/LON2/DLON/H
  421  337  259  195  153  134  132  137  142  147  154  166  183  200  210  206
  191  173  159  154  151  143  129  115  109  114  126  140  153  163  167  164
  154  147  156  188  238  294  342  375  396  412  431  457  489  524  558  586
  603  612  620  639  678  736  807  877  939  985 1018 1045 1069 1088 1090 1062
 1005  932  860  795  733  667  591  507  421
    20.0-180.0 180.0   5.0 450.0                            LAT/LON1/LON2/DLON/H
  522  445  371  305  257  228  214  208  204  201  202  209  221  234  240  232
  209  180  157  144  139  133  125  119  121  131  146  162  177  190  195  190
  176  165  171  202  252  308  354  386  406  424  447  478  515  554  591  621
  639  650  661  684  725  782  847  912  968 1011 1040 1059 1074 1087 1089 1070
 1027  971  913  859  806  745  675  599  522
    17.5-180.0 180.0   5.0 450.0                            LAT/LON1/LON2/DLON/H
  598  537  476  419  371  335  311  293  279  269  265  266  273  282  286  275
  246  208  173  152  143  140  138  139  146  159  173  187  201  213  219  212
  194  179  182  211  262  317  363  395  417  439  468  504  545  587  626  656
  675  688  703  729  769  818  869  918  960  992 1009 1015 1015 1017 1017 1007
  983  949  913  877  837  786  725  660  598
    15.0-180.0 180.0   5.0 450.0                            LAT/LON1/LON2/DLON/H
  639  599  558  516  474  436  402  374  353  339  332  330  334  342  345  334
  302  256  212  182  168  164  165  170  181  192  202  210  220  230  235  225
  204  186  187  216  266  321  367  401  428  455  488  528  572  617  656  687
  707  721  740  768  805  843  875  902  924  940  942  932  915  904  900  898
  893  882  870  855  829  788  737  685  639
    12.5-180.0 180.0   5.0 450.0                            LAT/LON1/LON2/DLON/H
  646  625  605  580  548  511  471  436  410  397  392  391  395  403  410  402
  371  321  270  231  210  202  202  207  216  224  227  228  232  239  241  229
  206  186  187  217  266  320  367  405  436  469  506  548  593  637  677  707
  728  746  769  801  835  861  873  876  878  876  865  839  808  784  777  781
  791  801  809  811  797  765  720  677  646
    10.0-180.0 180.0   5.0 450.0                            LAT/LON1/LON2/DLON/H
  627  618  615  606  584  548  505  466  441  431  432  436  443  455  467  466
  440  391  335  290  261  245  239  240  245  247  244  239  238  242  240  226
  201  182  186  217  266  319  365  405  441  478  517  559  602  645  684  714
  737  759  788  825  858  875  871  855  839  825  803  769  728  697  687  695
  713  735  755  766  759  730  688  650  627
     7.5-180.0 180.0   5.0 450.0                            LAT/LON1/LON2/DLON/H
  596  592  597  597  582  548  504  463  440  437  446  456  468  485  506  514
  496  451  395  345  308  283  268  262  261  259  253  245  241  241  236  218
  193  177  185  219  267  317  362  403  442  481  519  558  598  639  676  707
  733  760  796  839  876  889  876  848  822  802  779  743  701  669  658  667
  687  709  729  740  732  702  658  618  596
     5.0-180.0 180.0   5.0 450.0                            LAT/LON1/LON2/DLON/H
  567  560  564  567  554  521  475  434  414  417  433  450  466  488  516  533
  525  488  435  384  341  308  284  269  264  261  255  248  245  242  232  211
  186  175  189  225  272  317  360  400  440  478  513  548  584  622  658  690
  719  751  794  845  886  902  888  859  833  815  797  769  735  709  701  708
  720  732  741  742  726  690  641  595  567
     2.5-180.0 180.0   5.0 450.0                            LAT/LON1/LON2/DLON/H
  553  535  532  531  517  483  436  394  375  382  402  421  439  464  495  521
  521  493  447  398  354  315  284  264  257  255  255  253  251  246  231  206
  182  176  196  235  279  319  357  395  434  470  501  531  563  599  634  668
  699  736  785  841  889  910  903  881  863  855  849  836  817  803  800  803
  803  796  784  767  740  697  642  590  553
