tools/2023039/COD0OPSFIN_20230390000_01D_01H_GIM.INX
     1.0            IONOSPHERE MAPS     GNSS                IONEX VERSION / TYPE
ADDNEQ2 V5.5        AIUB                12-FEB-23 21:31     PGM / RUN BY / DATE 
CODE'S GLOBAL IONOSPHERE MAPS FOR DAY 039, 2023             COMMENT             
Global ionosphere maps (GIM) are generated on a daily basis DESCRIPTION         
at CODE using data from about 300 GNSS sites of the IGS and DESCRIPTION         
other institutions. The vertical total electron content     DESCRIPTION         
(VTEC) is modeled in a solar-geomagnetic reference frame    DESCRIPTION         
using a spherical harmonics expansion up to degree and      DESCRIPTION         
order 15. Piece-wise linear functions are used for          DESCRIPTION         
representation in the time domain. The time spacing of      DESCRIPTION         
their vertices is 1 hour, conforming with the epochs of the DESCRIPTION         
VTEC maps.                                                  DESCRIPTION         
To convert line-of-sight TEC into vertical TEC, a modified  DESCRIPTION         
single-layer model mapping function approximating the JPL   DESCRIPTION         
extended slab model mapping function is adopted. The        DESCRIPTION         
mapping function is evaluated at geodetic satellite         DESCRIPTION         
elevation angles. For the computation of the ionospheric    DESCRIPTION         
pierce points, a spherical layer with a radius of 6821 km   DESCRIPTION         
is assumed, implying geocentric, not geodetic IONEX         DESCRIPTION         
latitudes.                                                  DESCRIPTION         
Instrumental biases with respect to each involved GNSS code DESCRIPTION         
observable are estimated as constant values for each        DESCRIPTION         
day. They are modeled with one set of bias parameters for   DESCRIPTION         
each satellite and each station in case of GPS and for each DESCRIPTION         
satellite-station link in case of GLONASS. The code bias    DESCRIPTION         
datum is defined by zero-mean conditions imposed on the     DESCRIPTION         
satellite bias estimates. In this file, just GPS C1W-C2W    DESCRIPTION         
satellite and station bias values are included. The         DESCRIPTION         
complete set of GNSS code bias results is provided in an    DESCRIPTION         
additional Bias-SINEX file as pseudo-absolute values        DESCRIPTION         
specific to each observable.                                DESCRIPTION         
Note: These GIM results correspond to the results for the   DESCRIPTION         
middle day of a 3-day combination analysis solving for 73   DESCRIPTION         
times 256, or 18688 VTEC parameters and 3 daily sets of     DESCRIPTION         
GNSS code bias parameters.                                  DESCRIPTION         
Contact address: code(at)aiub.unibe.ch                      DESCRIPTION         
Data archive:    ftp.aiub.unibe.ch/CODE/                    DESCRIPTION         
                 www.aiub.unibe.ch/download/CODE/           DESCRIPTION         
  2023     2     8     0     0     0                        EPOCH OF FIRST MAP  
  2023     2     9     0     0     0                        EPOCH OF LAST MAP   
  3600                                                      INTERVAL            
[...]
brft brst brux bshm cags cas1 ccj2 cedu chpg chpi chti chur COMMENT             
ckis coco cord cpvg cpxf crar cro1 daej darw dav1 dgar dhlg COMMENT             
drao dubo ebre faa1 fair flrs frdn ftna func ganp glps glsv COMMENT             
gode godz gol2 gold gope gras graz guam guug harb hers hert COMMENT             
hlfx hob2 hofn holb hrao hyde iddr ieng iisc ineg invk iqal COMMENT             
irkj isba jog2 joz2 joze karr kerg kir0 kiri kiru kit3 kokb COMMENT             
kokv koug kour krgg laut lmmf lpal lpgs m0se mac1 madr mal2 COMMENT             
mana mas1 mat1 mate maw1 mcm4 mdo1 mdvj medi mets mgue mizu COMMENT             
mkea mnls mobs monp morp mqzg mro1 mtka nano nico nist nium COMMENT             
nklg nlib nnor not1 nrc1 nrmd ntus nya1 nyal ohi2 onsa opmt COMMENT             
ous2 pado parc park pdel penc pert pie1 pimo pohn pol2 polv COMMENT             
pots pove prds ptag ptbb ptvl qaq1 quin ramo reun reyk rgdg COMMENT             
rio2 riop salu sant savo sch2 scor scrz sctb scub seyg smst COMMENT             
sofi spt0 ssia sthl stjo stk2 str2 suth sutm suwn sydn syog COMMENT             
tabl tabv tash thtg thti thu2 tid1 tidb tlse tn22 tong tow2 COMMENT             
tro1 tsea tskb twtf txes uclu ufpr ulab unb3 unbj unsa urum COMMENT             
usn7 usud vald vill voim vtsp wab2 wark wes2 wgtn whit will COMMENT             
wsrt wtza wtzl wtzr wtzs wtzz wuhn xmis yar2 yar3 yarr yell COMMENT             
ykro zamb zeck zim2 zim3 zimm                               COMMENT             
                                                            END OF HEADER       
[from data line 1716]
     5                                                      START OF TEC MAP    
  2023     2     8     4     0     0                        EPOCH OF CURRENT MAP
    87.5-180.0 180.0   5.0 450.0                            LAT/LON1/LON2/DLON/H
  138  138  137  137  137  137  137  138  138  139  140  140  141  142  142  142
  142  142  142  141  140  139  138  136  134  132  130  128  126  124  122  120
  118  116  115  114  113  112  112  112  112  112  113  114  115  116  117  119
  121  123  125  127  129  131  133  135  136  138  139  140  141  142  143  143
  143  143  142  142  141  140  140  139  138
    85.0-180.0 180.0   5.0 450.0                            LAT/LON1/LON2/DLON/H
  142  139  136  134  133  133  134  136  139  143  147  151  155  159  163  166
  168  169  169  168  166  163  159  154  149  143  137  131  125  119  114  109
  104  100   97   95   93   92   92   92   93   94   96   98  101  104  108  112
  117  122  128  133  139  145  151  156  161  166  170  173  176  177  177  177
  175  173  169  165  161  156  151  147  142
    82.5-180.0 180.0   5.0 450.0                            LAT/LON1/LON2/DLON/H
  145  135  127  121  118  117  119  123  129  137  147  157  168  177  186  193
  198  201  202  200  196  190  182  173  163  151  140  129  118  109  100   92
   86   81   78   76   75   74   75   76   78   81   84   88   92   97  103  109
  117  125  134  144  155  166  177  188  198  208  216  223  228  231  232  231
  227  221  213  204  193  181  169  157  145
    80.0-180.0 180.0   5.0 450.0                            LAT/LON1/LON2/DLON/H
  153  134  118  105   97   93   95  101  111  124  140  157  174  191  205  217
  225  230  231  228  222  212  199  184  168  152  135  119  105   92   81   73
   67   63   61   61   62   64   67   70   74   78   82   86   90   95  102  109
  118  129  141  154  170  186  203  220  237  253  267  280  289  296  298  297
  293  284  272  256  238  217  196  174  153
    77.5-180.0 180.0   5.0 450.0                            LAT/LON1/LON2/DLON/H
  170  141  115   94   79   71   70   76   88  105  126  149  172  194  213  228
  239  245  245  241  232  219  203  184  163  142  122  103   87   73   62   55
   51   50   51   55   59   64   70   75   80   84   88   91   95   99  104  110
  119  131  145  161  181  202  224  247  271  293  313  331  346  356  362  363
  359  349  335  315  291  263  233  202  170
    75.0-180.0 180.0   5.0 450.0                            LAT/LON1/LON2/DLON/H
  199  160  125   94   71   56   51   55   67   86  109  135  160  184  204  221
  232  238  239  234  224  210  192  172  150  128  106   87   71   58   50   45
   44   46   51   58   65   73   81   88   93   97   99  101  102  104  107  112
  120  131  146  165  187  211  238  265  293  319  344  366  385  399  408  412
  411  403  390  370  344  313  278  239  199
    72.5-180.0 180.0   5.0 450.0                            LAT/LON1/LON2/DLON/H
  238  193  149  110   78   56   44   44   53   70   92  116  140  162  180  195
  204  210  210  207  199  187  172  154  134  113   94   77   64   54   48   47
   48   53   60   68   78   87   95  102  107  110  111  110  110  109  110  113
  120  131  147  166  190  216  244  273  302  330  356  379  399  415  427  434
  437  433  424  409  387  358  323  282  238
    70.0-180.0 180.0   5.0 450.0                            LAT/LON1/LON2/DLON/H
  281  234  185  139  100   69   51   45   49   62   79   98  117  133  145  154
  161  165  167  167  164  158  148  136  121  105   90   77   67   61   58   59
   62   67   74   82   90   98  105  111  115  117  117  115  112  110  110  113
  120  132  148  169  193  219  246  274  301  326  350  370  389  404  416  426
  432  434  432  425  411  390  361  325  281
    67.5-180.0 180.0   5.0 450.0                            LAT/LON1/LON2/DLON/H
  322  277  228  177  131   94   69   56   55   62   73   85   95  102  106  109
  112  115  120  125  129  130  128  123  114  105   95   86   80   77   76   78
   81   84   89   93   98  102  107  111  114  115  114  112  109  107  108  112
  121  134  152  174  198  224  249  273  295  315  333  348  362  374  384  394
  402  409  415  417  414  405  387  359  322
    65.0-180.0 180.0   5.0 450.0                            LAT/LON1/LON2/DLON/H
  354  316  268  217  167  124   93   74   67   69   74   79   81   78   74   70
   68   72   79   90  101  110  116  117  114  109  104   99   96   95   95   96
   97   98   98   97   97   98   99  101  103  104  103  102  101  100  103  110
  122  139  160  183  208  232  254  273  289  303  314  324  332  339  346  353
  362  371  382  393  401  403  398  382  354
    62.5-180.0 180.0   5.0 450.0                            LAT/LON1/LON2/DLON/H
  374  344  301  252  200  154  118   94   83   81   82   81   75   66   54   44
   40   43   54   68   85   99  110  115  116  114  111  109  107  107  108  108
  107  104   99   93   88   85   84   84   86   87   88   88   89   91   97  107
  123  144  169  195  221  244  263  278  289  297  303  307  311  313  316  320
  327  336  348  363  378  390  395  391  374
    60.0-180.0 180.0   5.0 450.0                            LAT/LON1/LON2/DLON/H
  381  359  324  279  228  180  140  113   99   94   92   89   80   66   50   37
   31   34   45   62   79   95  107  113  115  114  112  110  109  110  110  109
  106  100   92   83   75   69   66   66   68   70   72   74   77   82   91  105
  126  151  180  209  235  258  275  287  295  300  304  306  308  309  309  309
  312  317  327  340  356  371  384  388  381
    57.5-180.0 180.0   5.0 450.0                            LAT/LON1/LON2/DLON/H
  377  365  338  298  250  202  160  129  112  106  104   99   90   75   59   46
   39   41   51   65   80   93  102  106  107  106  103  101  101  101  101  100
   97   90   82   72   63   56   53   53   55   58   61   64   69   76   87  105
  129  159  191  222  250  273  289  299  307  312  317  321  325  326  326  324
  322  322  325  332  343  356  369  378  377
    55.0-180.0 180.0   5.0 450.0                            LAT/LON1/LON2/DLON/H
  368  362  344  313  270  223  179  146  125  116  113  110  103   90   76   64
   58   58   64   72   80   87   91   93   93   91   89   86   85   85   85   85
   83   78   71   63   56   50   48   48   51   54   57   61   66   75   89  109
  135  167  202  235  264  287  303  314  323  331  339  348  356  361  361  358
  352  346  341  339  342  348  357  365  368
    52.5-180.0 180.0   5.0 450.0                            LAT/LON1/LON2/DLON/H
  356  356  347  325  290  246  202  165  140  127  121  118  113  105   95   86
   79   77   76   76   76   76   76   77   77   77   74   71   69   68   68   69
   70   69   66   62   58   55   54   54   56   58   61   65   70   80   96  118
  146  179  215  249  279  302  319  330  341  352  364  378  390  398  401  397
  389  378  367  357  350  347  348  352  356
    50.0-180.0 180.0   5.0 450.0                            LAT/LON1/LON2/DLON/H
  344  348  347  335  310  272  229  188  158  138  129  124  120  115  109  103
   97   91   83   75   68   63   62   64   67   68   67   63   59   56   56   58
   61   65   67   69   69   68   68   68   68   69   70   74   80   92  109  133
  162  195  231  265  295  318  334  347  358  371  386  402  417  427  430  426
  417  404  390  376  362  351  343  341  344
    47.5-180.0 180.0   5.0 450.0                            LAT/LON1/LON2/DLON/H
  332  338  344  342  328  298  258  216  179  153  136  128  123  120  117  114
  108   99   86   73   61   55   56   62   69   72   71   65   58   53   52   54
   60   68   75   82   86   87   87   85   84   82   83   86   94  109  129  154
  184  216  251  284  313  335  352  363  374  386  401  416  429  437  439  434
  425  413  400  386  370  355  341  333  332
    45.0-180.0 180.0   5.0 450.0                            LAT/LON1/LON2/DLON/H
  322  325  335  341  337  317  283  242  202  169  146  132  125  122  121  119
  114  104   90   75   64   60   65   76   85   89   86   77   67   59   55   58
   65   75   87   97  103  106  105  102   98   95   95  100  111  129  152  180
  210  242  274  305  333  355  371  381  390  399  409  419  426  429  427  420
  412  403  394  385  374  359  342  328  322
    42.5-180.0 180.0   5.0 450.0                            LAT/LON1/LON2/DLON/H
  315  313  319  329  332  322  297  261  221  184  156  137  128  125  124  124
  119  111   99   88   82   83   93  105  115  115  107   94   80   69   65   66
   74   85   98  110  118  121  120  115  110  106  106  113  127  150  178  208
  238  268  298  328  354  376  390  399  405  410  415  418  417  413  406  397
  388  383  381  380  376  365  348  329  315
    40.0-180.0 180.0   5.0 450.0                            LAT/LON1/LON2/DLON/H
  318  304  301  307  312  309  293  265  231  195  166  145  134  131  131  131
  129  125  119  115  116  124  135  145  148  141  126  108   91   81   76   78
   84   95  108  120  128  131  128  123  118  115  116  125  143  170  202  235
  265  293  321  348  374  395  410  418  423  425  425  421  414  405  394  383
  375  372  376  382  387  382  366  342  318
    37.5-180.0 180.0   5.0 450.0                            LAT/LON1/LON2/DLON/H
  339  308  289  282  281  280  271  254  228  199  172  153  143  141  142  144
  145  146  149  154  162  173  181  184  176  159  136  114   99   91   89   91
   96  104  115  125  133  135  132  128  123  122  125  136  157  188  223  257
  287  313  337  363  388  411  427  437  444  446  445  440  431  420  409  399
  393  392  398  410  420  420  404  375  339
    35.0-180.0 180.0   5.0 450.0                            LAT/LON1/LON2/DLON/H
  386  337  296  268  252  245  240  231  216  195  175  161  155  154  157  160
  165  172  183  196  208  217  218  209  189  161  133  113  103  103  106  109
  111  115  122  129  135  136  134  130  128  128  133  146  169  201  238  273
  302  325  348  372  398  422  442  457  468  476  480  479  475  469  465  461
  457  456  461  473  484  486  470  434  386
    32.5-180.0 180.0   5.0 450.0                            LAT/LON1/LON2/DLON/H
  467  400  336  282  244  223  213  208  200  188  175  167  166  169  173  177
  183  194  210  228  240  243  234  213  183  150  124  111  111  121  130  134
  133  131  131  135  137  137  135  133  132  134  141  154  177  210  248  282
  309  331  352  376  403  431  455  477  497  515  529  539  546  554  561  567
  568  567  568  574  582  583  565  525  467
    30.0-180.0 180.0   5.0 450.0                            LAT/LON1/LON2/DLON/H
  580  502  418  339  275  232  210  200  193  185  177  174  178  183  187  189
  194  206  223  240  248  242  224  196  163  135  118  118  132  152  166  169
  163  154  148  145  143  141  137  135  136  139  146  159  182  215  252  286
  312  333  354  379  409  440  470  500  531  562  590  615  638  661  685  703
  712  711  706  704  705  702  683  642  580
    27.5-180.0 180.0   5.0 450.0                            LAT/LON1/LON2/DLON/H
  717  638  543  444  355  287  245  223  208  196  188  186  192  198  200  197
  197  204  218  228  228  214  191  165  142  129  129  145  172  199  216  216
  203  185  171  161  154  147  141  138  138  141  148  161  184  216  253  287
  314  335  358  386  419  453  489  527  568  613  655  695  733  773  813  844
  860  860  850  841  835  827  810  775  717
    25.0-180.0 180.0   5.0 450.0                            LAT/LON1/LON2/DLON/H
  859  791  699  591  483  392  328  286  256  232  216  210  214  218  214  204
  196  195  199  200  191  171  150  136  135  146  168  199  234  263  276  270
  249  222  199  181  167  155  145  138  136  138  145  158  182  216  254  289
  317  342  368  400  437  476  515  559  609  663  717  767  817  868  918  959
  981  982  971  957  946  939  927  903  859
    22.5-180.0 180.0   5.0 450.0                            LAT/LON1/LON2/DLON/H
  984  938  862  758  643  537  452  388  337  296  266  252  251  249  239  219
  200  188  182  172  154  133  121  129  156  195  237  277  311  333  338  323
  294  259  227  202  181  163  147  134  128  128  136  152  179  215  256  294
  326  355  387  425  466  508  550  597  651  709  768  822  874  928  980 1024
 1048 1052 1041 1028 1019 1016 1014 1006  984
    20.0-180.0 180.0   5.0 450.0                            LAT/LON1/LON2/DLON/H
 1070 1053 1002  916  809  699  602  519  447  386  341  317  308  300  281  252
  221  199  182  163  140  121  125  157  213  275  329  367  390  397  389  365
  329  289  251  220  193  168  146  128  117  115  123  142  174  216  261  302
  339  374  413  457  503  548  592  638  691  749  804  853  899  946  991 1028
 1050 1055 1050 1043 1041 1045 1055 1066 1070
    17.5-180.0 180.0   5.0 450.0                            LAT/LON1/LON2/DLON/H
 1100 1111 1091 1034  947  847  749  656  569  492  434  401  386  373  348  310
  271  241  218  193  168  155  173  226  302  375  427  451  452  439  417  385
  347  306  266  231  200  171  144  120  104   99  108  132  170  218  267  313
  355  396  441  492  544  592  635  680  728  779  825  863  895  926  956  980
  994  999 1000 1004 1012 1026 1047 1074 1100
    15.0-180.0 180.0   5.0 450.0                            LAT/LON1/LON2/DLON/H
 1072 1104 1112 1086 1028  952  866  776  683  598  533  496  480  465  436  394
  351  319  295  270  247  240  266  329  409  477  511  509  483  449  415  382
  347  309  271  235  203  172  142  114   93   86   96  125  169  222  275  324
  369  416  468  525  581  631  675  717  759  800  833  856  872  884  894  901
  905  908  915  928  948  971  998 1033 1072
    12.5-180.0 180.0   5.0 450.0                            LAT/LON1/LON2/DLON/H
  997 1036 1062 1064 1040  994  932  856  769  685  622  589  577  565  536  494
  454  425  406  387  369  364  391  447  512  556  560  527  475  424  385  355
  329  299  266  233  203  173  142  112   88   78   90  122  171  226  282  332
  379  430  486  548  608  661  706  746  782  813  834  843  844  839  832  823
  815  814  825  846  873  899  926  958  997
    10.0-180.0 180.0   5.0 450.0                            LAT/LON1/LON2/DLON/H
  897  928  959  980  985  972  940  885  813  740  687  663  660  654  630  593
  559  541  533  524  511  506  521  556  590  598  566  502  431  372  336  316
  302  283  257  229  202  175  146  115   89   78   90  125  175  232  286  335
  383  434  493  558  621  676  723  762  795  819  832  833  825  810  792  773
  757  751  761  785  813  836  854  872  897
     7.5-180.0 180.0   5.0 450.0                            LAT/LON1/LON2/DLON/H
  801  811  832  859  885  901  897  866  812  755  716  705  712  714  697  667
  643  638  645  649  643  633  630  633  627  594  529  445  366  311  284  277
  275  266  247  224  202  179  153  124   97   86   97  132  182  236  288  334
  379  430  489  554  618  676  725  766  799  821  832  831  822  808  790  768
  749  741  747  766  788  802  805  801  801
     5.0-180.0 180.0   5.0 450.0                            LAT/LON1/LON2/DLON/H
  735  718  719  741  775  809  825  813  777  734  707  707  723  731  720  697
  684  692  714  732  733  717  694  663  619  552  466  376  303  260  247  252
  258  255  241  222  203  184  162  134  109   97  108  142  189  240  286  328
  371  420  476  539  602  661  713  757  794  819  833  838  838  833  824  811
  796  786  786  795  806  806  791  763  735
     2.5-180.0 180.0   5.0 450.0                            LAT/LON1/LON2/DLON/H
  716  673  652  659  690  729  754  752  725  690  670  673  690  700  691  674
  668  686  721  750  758  740  701  645  574  488  398  319  263  237  236  246
  254  252  239  221  204  188  168  144  121  110  121  152  196  242  283  321
  361  406  460  518  578  635  688  737  779  812  835  851  864  875  883  885
  880  871  864  861  857  843  813  768  716
