tools/2023039/COD0OPSFIN_20230390000_01D_01H_GIM.INX
     1.0            IONOSPHERE MAPS     GNSS                IONEX VERSION / TYPE
ADDNEQ2 V5.5        AIUB                12-FEB-23 21:31     PGM / RUN BY / DATE 
CODE'S GLOBAL IONOSPHERE MAPS FOR DAY 039, 2023             COMMENT             
Global ionosphere maps (GIM) are generated on a daily basis DESCRIPTION         
at CODE using data from about 300 GNSS sites of the IGS and DESCRIPTION         
other institutions. The vertical total electron content     DESCRIPTION         
(VTEC) is modeled in a solar-geomagnetic reference frame    DESCRIPTION         
using a spherical harmonics expansion up to degree and      DESCRIPTION         
order 15. Piece-wise linear functions are used for          DESCRIPTION         
representation in the time domain. The time spacing of      DESCRIPTION         
their vertices is 1 hour, conforming with the epochs of the DESCRIPTION         
VTEC maps.                                                  DESCRIPTION         
To convert line-of-sight TEC into vertical TEC, a modified  DESCRIPTION         
single-layer model mapping function approximating the JPL   DESCRIPTION         
extended slab model mapping function is adopted. The        DESCRIPTION         
mapping function is evaluated at geodetic satellite         DESCRIPTION         
elevation angles. For the computation of the ionospheric    DESCRIPTION         
pierce points, a spherical layer with a radius of 6821 km   DESCRIPTION         
is assumed, implying geocentric, not geodetic IONEX         DESCRIPTION         
latitudes.                                                  DESCRIPTION         
Instrumental biases with respect to each involved GNSS code DESCRIPTION         
observable are estimated as constant values for each        DESCRIPTION         
day. They are modeled with one set of bias parameters for   DESCRIPTION         
each satellite and each station in case of GPS and for each DESCRIPTION         
satellite-station link in case of GLONASS. The code bias    DESCRIPTION         
datum is defined by zero-mean conditions imposed on the     DESCRIPTION         
satellite bias estimates. In this file, just GPS C1W-C2W    DESCRIPTION         
satellite and station bias values are included. The         DESCRIPTION         
complete set of GNSS code bias results is provided in an    DESCRIPTION         
additional Bias-SINEX file as pseudo-absolute values        DESCRIPTION         
specific to each observable.                                DESCRIPTION         
Note: These GIM results correspond to the results for the   DESCRIPTION         
middle day of a 3-day combination analysis solving for 73   DESCRIPTION         
times 256, or 18688 VTEC parameters and 3 daily sets of     DESCRIPTION         
GNSS code bias parameters.                                  DESCRIPTION         
Contact address: code(at)aiub.unibe.ch                      DESCRIPTION         
Data archive:    ftp.aiub.unibe.ch/CODE/                    DESCRIPTION         
                 www.aiub.unibe.ch/download/CODE/           DESCRIPTION         
  2023     2     8     0     0     0                        EPOCH OF FIRST MAP  
  2023     2     9     0     0     0                        EPOCH OF LAST MAP   
  3600                                                      INTERVAL            
[...]
brft brst brux bshm cags cas1 ccj2 cedu chpg chpi chti chur COMMENT             
ckis coco cord cpvg cpxf crar cro1 daej darw dav1 dgar dhlg COMMENT             
drao dubo ebre faa1 fair flrs frdn ftna func ganp glps glsv COMMENT             
gode godz gol2 gold gope gras graz guam guug harb hers hert COMMENT             
hlfx hob2 hofn holb hrao hyde iddr ieng iisc ineg invk iqal COMMENT             
irkj isba jog2 joz2 joze karr kerg kir0 kiri kiru kit3 kokb COMMENT             
kokv koug kour krgg laut lmmf lpal lpgs m0se mac1 madr mal2 COMMENT             
mana mas1 mat1 mate maw1 mcm4 mdo1 mdvj medi mets mgue mizu COMMENT             
mkea mnls mobs monp morp mqzg mro1 mtka nano nico nist nium COMMENT             
nklg nlib nnor not1 nrc1 nrmd ntus nya1 nyal ohi2 onsa opmt COMMENT             
ous2 pado parc park pdel penc pert pie1 pimo pohn pol2 polv COMMENT             
pots pove prds ptag ptbb ptvl qaq1 quin ramo reun reyk rgdg COMMENT             
rio2 riop salu sant savo sch2 scor scrz sctb scub seyg smst COMMENT             
sofi spt0 ssia sthl stjo stk2 str2 suth sutm suwn sydn syog COMMENT             
tabl tabv tash thtg thti thu2 tid1 tidb tlse tn22 tong tow2 COMMENT             
tro1 tsea tskb twtf txes uclu ufpr ulab unb3 unbj unsa urum COMMENT             
usn7 usud vald vill voim vtsp wab2 wark wes2 wgtn whit will COMMENT             
wsrt wtza wtzl wtzr wtzs wtzz wuhn xmis yar2 yar3 yarr yell COMMENT             
ykro zamb zeck zim2 zim3 zimm                               COMMENT             
                                                            END OF HEADER       
[from data line 6435]
    16                                                      START OF TEC MAP    
  2023     2     8    15     0     0                        EPOCH OF CURRENT MAP
    87.5-180.0 180.0   5.0 450.0                            LAT/LON1/LON2/DLON/H
  139  139  139  140  140  141  142  142  143  144  145  146  147  148  148  149
  150  151  151  152  153  153  154  154  154  155  155  155  155  155  155  155
  155  155  155  155  155  155  155  154  154  154  154  153  153  153  153  152
  152  151  151  150  149  149  148  147  146  146  145  144  143  142  142  141
  140  140  139  139  139  138  138  138  139
    85.0-180.0 180.0   5.0 450.0                            LAT/LON1/LON2/DLON/H
  110  110  111  112  114  115  117  119  121  123  125  127  129  130  132  134
  135  136  138  139  140  141  141  142  143  143  144  144  144  144  144  143
  143  143  142  142  142  141  141  141  141  141  141  141  141  141  141  141
  140  140  139  139  138  136  135  133  131  130  127  125  123  121  119  117
  116  114  113  112  111  110  110  110  110
    82.5-180.0 180.0   5.0 450.0                            LAT/LON1/LON2/DLON/H
   77   78   79   80   82   85   87   90   94   97  100  103  105  108  110  112
  114  115  117  119  120  122  123  124  126  127  128  128  128  128  128  127
  127  126  124  123  122  121  121  120  120  120  121  122  123  124  125  125
  126  126  126  126  125  123  121  118  115  112  109  105  102   98   95   92
   89   86   84   82   80   79   78   77   77
    80.0-180.0 180.0   5.0 450.0                            LAT/LON1/LON2/DLON/H
   52   51   52   53   55   58   61   65   69   73   77   81   84   86   89   90
   92   94   96   98  100  103  106  109  112  114  116  118  119  119  119  117
  116  114  111  109  107  105  103  102  101  101  102  104  106  108  110  113
  114  116  117  117  116  114  111  108  104  100   95   90   86   81   77   73
   70   66   63   61   58   56   54   52   52
    77.5-180.0 180.0   5.0 450.0                            LAT/LON1/LON2/DLON/H
   42   40   39   39   41   43   46   51   55   60   64   68   71   73   74   75
   77   78   80   83   88   92   98  104  109  114  118  121  123  124  124  122
  120  116  112  107  103   99   95   92   90   90   91   92   95   99  102  106
  109  112  114  114  114  112  109  105  100   94   89   84   79   74   70   67
   64   61   59   56   53   50   47   45   42
    75.0-180.0 180.0   5.0 450.0                            LAT/LON1/LON2/DLON/H
   53   49   45   43   43   44   47   51   55   60   64   68   70   71   71   71
   71   73   75   80   87   95  104  114  123  131  138  143  146  148  148  146
  142  137  131  124  116  109  102   97   93   91   90   92   94   98  103  107
  111  115  117  119  118  116  113  108  103   97   91   85   81   77   75   74
   73   73   72   71   69   66   62   57   53
    72.5-180.0 180.0   5.0 450.0                            LAT/LON1/LON2/DLON/H
   80   74   68   64   61   60   61   64   68   73   77   80   81   81   80   78
   77   79   83   90  101  113  127  141  154  165  174  181  185  188  188  186
  182  175  167  157  146  135  125  115  108  104  102  101  103  106  110  114
  118  121  124  125  125  123  120  115  109  103   97   92   89   87   87   89
   92   96   98  100   99   97   92   87   80
    70.0-180.0 180.0   5.0 450.0                            LAT/LON1/LON2/DLON/H
  116  108  101   94   89   86   85   87   90   93   97  100  100   99   97   94
   93   95  101  111  126  144  162  181  197  210  221  228  234  237  238  237
  234  227  218  205  190  175  159  146  135  127  122  120  119  119  120  122
  124  126  127  128  129  127  125  120  115  108  103   98   96   96   99  105
  112  120  126  131  133  132  129  123  116
    67.5-180.0 180.0   5.0 450.0                            LAT/LON1/LON2/DLON/H
  146  139  132  124  118  113  110  109  111  114  117  120  121  119  116  113
  112  116  124  139  158  180  203  225  243  257  268  275  282  287  291  293
  291  286  275  260  242  221  201  182  168  156  148  142  138  134  131  128
  125  124  124  124  124  124  122  119  114  108  103   99   97   99  104  113
  123  135  145  153  158  159  157  153  146
    65.0-180.0 180.0   5.0 450.0                            LAT/LON1/LON2/DLON/H
  160  155  150  144  138  132  127  124  124  126  130  133  135  135  133  131
  131  136  148  166  190  216  241  264  282  296  306  314  322  330  338  345
  348  345  334  317  294  268  243  220  201  187  176  167  158  149  139  129
  121  115  112  111  111  111  111  109  105  101   96   92   90   92   98  107
  120  133  146  156  163  166  166  164  160
    62.5-180.0 180.0   5.0 450.0                            LAT/LON1/LON2/DLON/H
  151  150  149  147  143  138  132  127  125  127  130  135  139  141  142  142
  145  153  168  189  216  244  270  292  309  321  330  339  350  363  378  392
  400  400  390  370  342  311  281  254  232  216  203  191  178  162  145  127
  112  101   94   91   91   92   93   93   91   88   83   79   76   77   81   90
  101  114  127  137  144  149  150  151  151
    60.0-180.0 180.0   5.0 450.0                            LAT/LON1/LON2/DLON/H
  119  124  129  132  132  129  123  117  114  114  119  125  132  137  142  146
  152  164  182  206  234  262  287  306  320  330  339  351  367  388  410  431
  445  448  437  415  383  347  312  282  259  242  228  214  197  175  150  125
  103   86   75   70   70   72   74   76   76   74   70   65   62   60   61   66
   74   84   94  102  108  111  113  116  119
    57.5-180.0 180.0   5.0 450.0                            LAT/LON1/LON2/DLON/H
   75   85   95  104  109  108  104   98   94   94   99  107  117  126  135  144
  155  171  192  217  244  271  293  309  320  329  339  355  378  406  436  464
  482  486  475  450  414  374  336  305  282  265  252  237  216  190  159  127
  100   78   65   58   56   57   60   63   64   64   62   57   52   48   45   45
   48   53   58   62   64   65   66   69   75
    55.0-180.0 180.0   5.0 450.0                            LAT/LON1/LON2/DLON/H
   32   43   58   72   81   84   82   77   73   73   79   88  100  113  126  140
  157  176  200  226  251  274  292  305  314  324  338  358  388  423  459  490
  510  514  501  473  435  394  355  324  302  287  275  259  237  207  172  137
  106   82   67   58   54   54   56   59   62   63   63   59   54   47   40   35
   32   31   31   30   29   26   24   25   32
    52.5-180.0 180.0   5.0 450.0                            LAT/LON1/LON2/DLON/H
    3   13   29   45   58   64   65   61   59   59   65   75   88  103  121  140
  162  186  211  236  260  279  293  304  312  324  341  367  401  439  477  508
  526  528  513  485  448  408  371  342  321  307  295  280  257  226  189  153
  123   99   83   73   67   64   64   66   69   72   74   72   68   60   50   40
   32   25   21   17   12    6    1    0    3
    50.0-180.0 180.0   5.0 450.0                            LAT/LON1/LON2/DLON/H
    0    4   17   32   46   54   57   57   56   57   63   72   85  102  123  147
  174  201  228  253  274  291  302  311  321  334  355  383  418  455  489  515
  529  527  512  485  453  418  386  360  340  326  313  297  274  244  209  176
  147  126  111  100   91   85   81   82   85   89   92   93   90   82   71   59
   47   38   31   25   19   11    3    0    0
    47.5-180.0 180.0   5.0 450.0                            LAT/LON1/LON2/DLON/H
   15   16   24   36   48   57   62   64   65   68   73   81   93  111  134  162
  193  225  253  278  298  312  323  331  342  357  378  405  436  466  493  511
  518  513  499  478  453  427  402  378  358  342  327  310  287  259  227  198
  175  157  143  131  119  109  103  101  103  108  113  115  114  108   98   84
   72   61   55   50   45   39   30   21   15
    45.0-180.0 180.0   5.0 450.0                            LAT/LON1/LON2/DLON/H
   51   46   47   54   62   70   76   80   84   88   93  100  111  128  154  186
  221  255  285  310  329  344  355  364  374  389  407  428  451  471  487  496
  497  492  481  468  454  438  420  398  376  355  336  317  295  269  242  218
  199  184  171  157  142  129  121  118  120  124  128  131  132  128  119  108
   96   87   82   81   81   78   71   61   51
    42.5-180.0 180.0   5.0 450.0                            LAT/LON1/LON2/DLON/H
   92   83   78   79   83   88   93   98  104  110  116  123  134  152  179  214
  253  289  320  346  367  383  394  404  413  424  436  449  460  469  476  479
  478  474  468  464  460  455  442  420  393  366  342  321  299  275  252  231
  215  202  189  173  155  141  133  130  130  132  134  136  137  135  130  121
  112  105  104  107  112  114  111  103   92
    40.0-180.0 180.0   5.0 450.0                            LAT/LON1/LON2/DLON/H
  124  113  105  101  101  104  108  113  120  128  136  144  156  177  207  245
  285  322  355  382  405  423  436  444  450  455  460  463  465  466  468  472
  474  474  474  476  480  480  470  446  413  378  349  325  304  282  259  239
  224  210  195  176  158  144  136  134  134  133  131  130  130  130  127  121
  115  111  113  119  128  136  138  133  124
    37.5-180.0 180.0   5.0 450.0                            LAT/LON1/LON2/DLON/H
  136  128  119  114  112  112  114  118  126  136  147  159  175  200  234  274
  315  352  385  414  440  460  473  478  479  478  477  473  471  471  478  489
  499  506  509  512  517  517  505  477  437  396  363  338  317  295  270  248
  229  213  194  174  154  142  137  136  135  129  122  117  115  116  115  112
  108  106  109  116  126  136  142  142  136
    35.0-180.0 180.0   5.0 450.0                            LAT/LON1/LON2/DLON/H
  127  122  117  113  111  110  110  113  120  133  148  166  188  219  257  299
  340  376  409  440  468  490  500  502  497  492  489  486  487  497  517  543
  566  578  580  576  573  567  549  515  470  425  390  365  344  320  291  263
  239  218  197  175  155  144  142  142  139  129  117  107  103  103  104  103
  100   99   99  103  109  118  125  128  127
    32.5-180.0 180.0   5.0 450.0                            LAT/LON1/LON2/DLON/H
  100   99   99   99   99   98   97   98  105  119  140  165  196  234  277  320
  360  394  425  458  487  508  516  512  505  501  502  509  523  550  591  637
  674  690  684  665  646  626  600  561  513  467  434  411  390  361  326  290
  260  236  214  191  172  162  159  159  152  139  122  110  105  105  106  105
  102   99   95   91   89   90   94   98  100
    30.0-180.0 180.0   5.0 450.0                            LAT/LON1/LON2/DLON/H
   66   69   72   77   81   81   79   79   85  102  127  161  201  246  293  337
  374  405  436  468  498  517  520  513  506  509  524  549  584  634  698  765
  814  829  808  768  727  691  655  613  566  525  495  475  453  420  376  332
  298  273  252  231  213  201  196  191  181  164  146  135  130  130  130  128
  123  116  105   91   78   68   64   64   66
    27.5-180.0 180.0   5.0 450.0                            LAT/LON1/LON2/DLON/H
   39   42   47   55   62   65   63   62   68   86  116  157  205  257  308  351
  385  414  443  475  503  518  516  507  506  524  560  608  668  740  825  908
  963  972  934  870  806  753  711  669  628  593  570  553  529  489  437  387
  351  329  314  297  279  263  252  240  225  207  191  183  182  182  180  175
  166  154  136  112   85   62   47   40   39
    25.0-180.0 180.0   5.0 450.0                            LAT/LON1/LON2/DLON/H
   29   28   32   40   49   54   54   53   58   77  111  158  213  270  322  364
  396  422  450  480  505  515  510  503  513  551  612  685  765  853  950 1039
 1094 1094 1039  954  871  807  761  725  692  666  649  633  606  561  502  449
  414  400  393  382  364  343  322  302  282  264  254  252  256  257  252  241
  228  211  186  153  114   78   52   37   29
    22.5-180.0 180.0   5.0 450.0                            LAT/LON1/LON2/DLON/H
   42   33   32   37   45   51   53   53   59   78  114  165  225  285  338  378
  408  433  460  488  508  513  506  505  531  592  677  769  860  953 1048 1132
 1181 1171 1105 1007  914  846  804  776  753  735  722  706  676  624  561  507
  477  472  477  474  457  429  398  369  345  330  327  334  342  343  334  317
  297  275  246  206  160  116   81   57   42
    20.0-180.0 180.0   5.0 450.0                            LAT/LON1/LON2/DLON/H
   74   57   47   46   52   58   62   64   70   90  126  178  240  302  355  394
  423  448  475  500  515  515  509  518  563  646  749  850  938 1019 1100 1170
 1208 1191 1122 1025  934  870  836  818  804  792  780  762  727  672  607  554
  530  535  551  556  540  506  467  431  406  396  401  415  427  427  411  387
  361  334  302  261  212  165  126   96   74
    17.5-180.0 180.0   5.0 450.0                            LAT/LON1/LON2/DLON/H
  116   92   74   65   66   72   77   81   89  108  143  195  257  320  373  413
  444  471  498  520  530  526  523  545  608  707  817  913  985 1042 1097 1147
 1173 1156 1096 1012  934  883  858  849  842  832  818  795  757  700  636  585
  565  577  601  613  600  564  520  482  459  455  466  485  497  493  470  439
  406  376  343  303  258  214  176  144  116
    15.0-180.0 180.0   5.0 450.0                            LAT/LON1/LON2/DLON/H
  158  129  104   88   84   88   95  102  111  129  163  214  276  338  392  435
  469  500  528  548  553  547  550  584  661  768  873  951  995 1021 1047 1075
 1093 1083 1041  981  924  888  874  870  865  853  834  807  767  712  649  600
  581  594  622  639  629  595  553  518  501  502  517  535  543  532  502  464
  427  394  362  326  288  251  218  188  158
    12.5-180.0 180.0   5.0 450.0                            LAT/LON1/LON2/DLON/H
  189  158  129  109  101  104  111  121  132  150  183  232  293  356  412  458
  497  534  565  583  585  579  588  633  718  822  911  961  973  967  966  978
  993  997  981  949  916  894  885  882  874  858  834  804  765  714  655  604
  581  589  615  633  627  599  565  540  531  537  550  561  560  541  506  464
  424  390  359  327  297  268  243  218  189
    10.0-180.0 180.0   5.0 450.0                            LAT/LON1/LON2/DLON/H
  202  173  144  123  114  115  124  135  148  167  200  248  309  372  431  481
  528  571  606  625  625  620  635  687  773  864  928  947  929  900  882  886
  905  926  936  932  919  905  895  887  874  852  824  794  760  716  661  607
  573  570  588  604  602  583  562  550  551  559  566  565  552  524  486  444
  405  371  341  313  288  267  248  228  202
     7.5-180.0 180.0   5.0 450.0                            LAT/LON1/LON2/DLON/H
  197  172  147  129  120  122  131  144  160  181  214  262  323  388  449  504
  557  607  648  668  669  667  687  742  820  892  927  918  879  839  819  826
  853  890  921  937  934  920  903  887  867  842  813  787  761  726  674  615
  569  549  554  566  567  559  551  553  562  570  568  552  525  490  453  415
  380  349  320  294  272  254  238  220  197
     5.0-180.0 180.0   5.0 450.0                            LAT/LON1/LON2/DLON/H
  180  159  141  128  122  124  134  149  166  190  225  276  337  403  464  523
  582  639  686  710  715  716  738  790  855  904  912  883  838  803  794  811
  849  896  938  961  958  936  908  882  857  832  806  787  772  746  699  634
  573  537  528  532  535  534  538  552  567  572  558  527  489  451  417  388
  360  333  306  279  256  237  219  200  180
     2.5-180.0 180.0   5.0 450.0                            LAT/LON1/LON2/DLON/H
  158  141  129  122  120  124  134  149  170  197  236  289  351  416  478  537
  599  662  715  746  756  761  784  828  877  901  889  851  814  799  810  841
  886  935  975  993  980  945  904  870  845  823  805  796  791  774  730  661
  588  537  516  513  514  517  527  546  563  562  538  496  451  414  388  369
  351  330  304  277  250  225  202  179  158
